Webots Project File version R2025a
perspectives: 000000ff00000000fd00000002000000010000018400000282fc0200000001fb0000001400540065007800740045006400690074006f00720100000017000002820000003f00ffffff000000030000073e00000141fc0100000001fb0000001a0043006f006e0073006f006c00650041006c006c0041006c006c01000000000000073e0000006900ffffff000005b80000028200000001000000020000000100000008fc00000000
simulationViewPerspectives: 000000ff00000001000000020000014b000003c00100000002010000000100
sceneTreePerspectives: 000000ff00000001000000030000001d000002ad000000fa0100000002010000000200
maximizedDockId: -1
centralWidgetVisible: 1
orthographicViewHeight: 1
textFiles: -1
consoles: Console:All:All
renderingDevicePerspectives: Summit-XL Steel:depth_camera;0;0.722917;0;0
renderingDevicePerspectives: Summit-XL Steel:rgb_camera;0;0.481944;0;0
